Version 0.9.7
5
 4 10 175 77 128 0 1
 5 80 400 206 81 2 2
 0 110 110 877 276 8 3
 3 163 31 203 58 140 4
 1 170 404 206 81 149 5
 0
21
 255 5 71 189 71 189 71 124 71 124 163 124 163 124 0 1 0 3
 255 5 176 124 176 124 176 124 176 137 176 137 176 137 0 3 0 3
 65793 5 71 288 71 288 71 358 71 358 163 358 163 358 0 1 0 3
 65793 5 176 358 176 358 176 358 176 371 176 371 176 371 0 3 0 3
 65793 5 71 249 71 249 58 249 58 68 174 68 174 68 0 1 0 4
 65793 5 306 358 306 358 306 358 306 319 306 319 306 319 0 3 0 3
 65793 5 449 319 449 319 449 319 449 358 449 358 449 358 0 3 0 3
 255 5 228 137 228 137 228 137 228 176 228 176 228 176 0 3 0 3
 255 5 371 137 371 137 371 137 371 176 371 176 371 176 0 3 0 3
 255 5 71 228 71 228 87 228 87 415 185 415 185 415 0 1 0 5
 65793 5 71 275 71 275 71 473 71 473 185 473 185 473 0 1 0 5
 8454143 5 226 415 226 415 220 415 220 280 228 280 228 280 0 5 0 3
 4259584 5 226 428 226 428 226 387 371 387 371 280 371 280 0 5 0 3
 4259584 5 245 428 248 428 248 389 384 389 384 280 384 280 0 5 0 3
 8454143 5 245 415 245 415 237 415 237 280 241 280 241 280 0 5 0 3
 16711680 5 283 415 283 415 283 280 283 280 280 280 280 280 0 5 0 3
 16711680 5 293 280 293 280 293 75 293 75 289 75 289 75 0 3 0 4
 33023 5 283 428 283 428 423 428 423 428 423 280 423 280 0 5 0 3
 33023 5 436 280 436 291 327 291 327 75 309 75 309 75 0 3 0 4
 65280 5 397 280 397 280 397 280 410 280 410 280 410 280 0 3 0 3
 8454143 5 254 280 254 280 254 280 267 280 267 280 267 280 0 3 0 3
2
 7008 1 14 365 228 5 0 0 8583448 3
 7086 1 14 222 228 5 0 0 8583448 3
