Version 0.9.7
5
 4 10 175 77 128 0 1
 5 80 400 206 81 2 2
 6 170 16 449 130 8 4
 0 107 208 877 276 41 5
 1 169 527 206 81 173 7
 0
60
 255 5 71 189 71 189 96 189 96 538 184 538 184 538 0 1 0 7
 0 5 71 288 71 288 71 596 71 596 184 596 184 596 0 1 0 7
 255 5 71 202 71 202 160 202 160 202 160 222 160 222 0 1 0 5
 255 5 173 222 173 222 173 222 173 235 173 235 173 235 0 5 0 5
 64 5 71 275 71 275 71 455 160 455 160 456 160 456 0 1 0 5
 64 5 173 456 173 456 173 456 173 469 173 469 173 469 0 5 0 5
 255 5 71 215 71 215 186 215 186 215 186 43 186 43 0 1 0 4
 255 5 212 235 212 235 212 235 212 313 212 313 212 313 0 5 0 5
 0 5 303 378 303 378 303 378 303 456 303 456 303 456 0 5 0 5
 16711680 5 251 313 251 313 251 184 207 184 207 139 207 139 0 5 0 4
 16711680 5 264 313 264 313 264 175 178 175 178 139 220 139 0 5 0 4
 16711680 5 277 313 277 313 277 165 233 165 233 139 233 139 0 5 0 4
 16711680 5 290 313 290 313 303 313 303 156 246 156 246 139 0 5 0 4
 16711680 5 259 139 259 147 290 147 290 313 303 313 303 313 0 4 0 5
 16711680 5 225 313 225 313 225 178 272 178 272 139 272 139 0 5 0 4
 16711680 5 285 139 285 139 238 139 238 139 238 313 238 313 0 4 0 5
 33023 5 225 538 225 538 199 538 199 538 199 417 199 417 0 7 0 5
 16711935 5 282 538 282 538 286 538 286 417 290 417 290 417 0 7 0 5
 8421376 5 263 538 263 538 263 417 263 417 212 417 212 417 0 7 0 5
 8404992 5 244 538 244 538 244 538 225 538 225 417 225 417 0 7 0 5
 4227327 5 199 404 199 404 199 404 277 404 277 404 277 404 0 5 0 5
 255 5 368 235 368 235 368 235 368 313 368 313 368 313 0 5 0 5
 0 5 459 378 459 378 459 378 459 456 459 456 459 456 0 5 0 5
 65280 5 358 538 358 538 446 538 446 538 446 417 446 417 0 7 0 5
 12615680 5 339 538 339 538 345 538 345 417 368 417 368 417 0 7 0 5
 12615680 5 320 538 320 538 323 538 323 417 342 417 342 417 0 7 0 5
 12615680 5 301 538 301 538 301 404 301 404 329 404 329 404 0 7 0 5
 12615680 5 342 404 342 404 342 404 381 404 381 404 381 404 0 5 0 5
 12615680 5 329 391 329 391 329 376 433 376 433 404 433 404 0 5 0 5
 12615680 5 311 139 311 139 311 147 407 147 407 313 407 313 0 4 0 5
 12615680 5 324 139 324 139 324 153 420 153 420 313 420 313 0 4 0 5
 12615680 5 337 139 337 139 337 313 337 313 433 313 433 313 0 4 0 5
 12615680 5 350 139 350 139 350 313 350 313 446 313 446 313 0 4 0 5
 12615680 5 363 139 363 139 363 313 363 313 459 313 459 313 0 4 0 5
 12615680 5 376 139 376 139 376 274 376 274 381 274 381 274 0 4 0 5
 12615680 5 389 139 389 139 389 274 389 274 394 274 394 274 0 4 0 5
 255 5 589 378 589 378 584 378 584 235 589 235 589 235 0 5 0 5
 0 5 589 313 589 313 595 313 595 456 589 456 589 456 0 5 0 5
 0 5 576 313 576 313 570 313 570 456 576 456 576 456 0 5 0 5
 16711680 5 199 391 199 391 199 436 537 436 537 378 537 378 0 5 0 5
 16711680 5 225 391 225 391 225 381 563 381 563 378 563 378 0 5 0 5
 16711680 5 212 391 212 391 212 397 628 397 628 378 628 378 0 5 0 5
 16711680 5 290 404 290 404 290 326 615 326 615 313 615 313 0 5 0 5
 8388863 5 329 417 329 417 329 313 329 313 537 313 537 313 0 5 0 5
 8388863 5 342 391 342 391 342 428 576 428 576 378 576 378 0 5 0 5
 8388863 5 368 391 368 391 615 391 615 391 615 378 615 378 0 5 0 5
 8388863 5 446 404 446 404 588 404 588 302 602 302 602 313 0 5 0 5
 8388863 5 706 235 706 235 706 235 706 313 706 313 706 313 0 5 0 5
 8388863 5 797 378 797 378 797 378 797 456 797 456 797 456 0 5 0 5
 16776960 5 628 313 628 313 628 340 784 340 784 378 784 378 0 5 0 5
 65535 5 602 378 602 378 602 383 706 383 706 378 706 378 0 5 0 5
 4259584 5 550 378 550 378 550 378 719 378 719 378 719 378 0 5 0 5
 16744703 5 550 313 550 343 773 343 773 378 771 378 771 378 0 5 0 5
 16744703 5 745 313 745 313 745 161 519 161 519 139 519 139 0 5 0 4
 16744703 5 758 313 758 313 758 166 532 166 532 139 532 139 0 5 0 4
 16744703 5 545 139 545 139 545 170 771 170 771 313 771 313 0 4 0 5
 16744703 5 558 139 558 139 558 180 784 180 784 313 784 313 0 4 0 5
 16744703 5 571 139 571 139 571 186 797 186 797 313 797 313 0 4 0 5
 16744703 5 584 139 584 139 584 313 584 313 719 313 719 313 0 4 0 5
 16744703 5 597 139 597 139 597 313 597 313 732 313 732 313 0 4 0 5
4
 7047 1 16 206 326 5 0 0 8583448 5
 7047 1 16 362 326 5 0 0 8583448 5
 7083 1 16 531 326 5 0 0 8583448 5
 7047 1 16 700 326 5 0 0 8583448 5
